3.50791666667;1.69728331746
3.53833333333;1.69735987803
3.45208333333;1.71154043473
3.50041666667;1.69754719907
3.46;1.71684788687
3.45666666667;1.69232253296
3.54208333333;1.72623742855
3.50833333333;1.68842053082
3.48041666667;1.69694327927
3.46708333333;1.70262047828
3.54583333333;1.6971739173
3.53916666667;1.72461569793
3.46083333333;1.7105455189
3.4525;1.69344139255
3.58541666667;1.70250912667
3.45291666667;1.71448237856
3.45833333333;1.71024283526
3.55625;1.72390137116
3.42958333333;1.73902506012
3.46125;1.71566268174
3.49166666667;1.68842053082
3.49458333333;1.6906519432
3.4775;1.69297383815
3.53833333333;1.71251196265
3.47416666667;1.71614858687
3.485;1.72499516908
3.54333333333;1.69379914853
3.52;1.71622648078
3.49041666667;1.71655900755
3.45458333333;1.7263943137
3.45083333333;1.72773916981
3.47916666667;1.71451625021
3.535;1.70722240301
3.53125;1.7165440389
3.52083333333;1.7191274838
3.48833333333;1.72960416152
3.49541666667;1.71147470321
3.57;1.71077954941
3.5175;1.69524641768
3.46333333333;1.73862653328
3.49625;1.68769643918
3.48916666667;1.72599226695
3.47625;1.69418690552
3.42375;1.71026877152
3.51541666667;1.70824344276
3.46625;1.71406756114
3.49083333333;1.70266926879
3.51125;1.71533478875
3.4725;1.70687152905
3.50208333333;1.72819626385
3.50625;1.70634920347
3.4925;1.68768394059
3.44041666667;1.69256703256
3.53958333333;1.71175343621
3.52625;1.71468488966
3.50041666667;1.66608317911
3.51375;1.71944107319
3.50625;1.73131768821
3.51041666667;1.68791532955
3.51916666667;1.70625300163
3.485;1.69108692858
3.49208333333;1.67603818365
3.50666666667;1.73732233304
3.44208333333;1.72360445764
3.485;1.71336170534
3.47583333333;1.69122715966
3.4925;1.68075689795
3.475;1.68454989043
3.57375;1.69225518293
3.51416666667;1.71774056216
3.53333333333;1.68909903663
3.41791666667;1.73563504028
3.46875;1.70534163855
3.49166666667;1.70438568275
3.52625;1.71468488966
3.53;1.71559513483
3.50416666667;1.70757605167
3.54041666667;1.72893025492
3.475;1.70422269672
3.53708333333;1.73453879357
3.47291666667;1.70247853429
3.44583333333;1.72324286513
3.49375;1.7235992199
3.53541666667;1.70354894061
3.45708333333;1.71288980762
3.5225;1.70107625246
3.52208333333;1.71789958759
3.46375;1.68928562934
3.51708333333;1.72328412043
3.42875;1.72624547429
3.48041666667;1.6998872001
3.53416666667;1.67147618556
3.49041666667;1.69555541334
3.48541666667;1.71725187234
3.48041666667;1.70429354662
3.48458333333;1.683180222
3.47791666667;1.69371750686
3.53583333333;1.70476273194
3.48708333333;1.70582330847
3.5475;1.70472199591
3.48541666667;1.69601120075
3.48333333333;1.69648329068
3.4975;1.7022026172
3.52333333333;1.68704541202
3.46875;1.71848482803
3.55708333333;1.71271952162
3.46375;1.71304386133
3.46208333333;1.68480334947
3.50291666667;1.68695726869
3.43125;1.70985577486
3.51083333333;1.68791270673
3.4575;1.70607554053
3.4625;1.72586029272
3.5575;1.6955904822
3.56125;1.69472173847
3.55375;1.7176857311
3.47333333333;1.7017507325
3.46791666667;1.70532616422
3.49791666667;1.70244794136
3.52791666667;1.69707218263
3.41041666667;1.71059682364
3.50333333333;1.71439655726
3.51416666667;1.71117872792
3.46916666667;1.69505633305
3.5075;1.70512279616
3.51458333333;1.69601120075
3.48875;1.70241204496
3.45583333333;1.72062468469
3.50875;1.7080466731
3.57916666667;1.70647765067
3.54416666667;1.68217596351
3.44458333333;1.68851877683
3.50416666667;1.72481379832
3.4925;1.6906439848
3.515;1.72161019591
3.43916666667;1.70600878433
3.4975;1.70635881826
3.53541666667;1.71670585514
3.49041666667;1.70584529185
3.47458333333;1.69858391797
3.48083333333;1.7232622084
3.52375;1.70326234156
3.49708333333;1.71973587886
3.47708333333;1.71400354717
3.45708333333;1.74327034423
3.52708333333;1.72218847973
3.50166666667;1.71512795117
3.49833333333;1.69680991537
3.53;1.72962423665
3.47958333333;1.72735341676
3.51833333333;1.69965601095
3.48583333333;1.69724265763
3.5325;1.71991581674
3.47416666667;1.71128586319
3.48958333333;1.71217935968
3.50583333333;1.70023507362
3.55416666667;1.73264709974
3.46666666667;1.71431878275
3.48541666667;1.73054538409
3.53833333333;1.69441156617
3.52166666667;1.71280390653
3.49541666667;1.69139360481
3.47833333333;1.70768768287
3.51916666667;1.70771757195
3.39875;1.69058622106
3.44833333333;1.72452811581
3.44166666667;1.7189911447
3.46666666667;1.74252371258
3.4825;1.72327993953
3.4925;1.69875751163
3.46375;1.69814190735
3.46458333333;1.70257030977
3.50291666667;1.69016512795
3.53958333333;1.7132133044
3.46208333333;1.71203455759
3.46166666667;1.71567204196
3.48083333333;1.71720683249
3.46875;1.69554025928
3.48791666667;1.71775648053
3.545;1.71623861977
3.49791666667;1.70244794136
3.4825;1.72182860645
3.49958333333;1.68027770316
3.47833333333;1.71280390653
3.50291666667;1.68473286499
3.53875;1.72244935218
3.53375;1.73027770531
3.44666666667;1.68858586463
3.51041666667;1.69653317869
3.53333333333;1.71796067734
3.47083333333;1.72336375698
3.55083333333;1.72237703157
3.52333333333;1.72272716612
3.5525;1.7145680943
3.53666666667;1.68927663678
3.47416666667;1.73426237122
3.51875;1.72616581982
3.48833333333;1.71654611227
3.55916666667;1.71045782533
3.52916666667;1.73444976065
3.46375;1.72781729479
3.48583333333;1.74111055715
3.49791666667;1.69336814064
3.48583333333;1.70971712248
3.54666666667;1.69641451957
3.495;1.70121770114
3.46208333333;1.7159241416
3.54208333333;1.71120688202
3.4775;1.72273825154
3.52875;1.7046524878
3.51;1.69849933765
3.54;1.71028262772
3.505;1.72239416704
3.45083333333;1.69363985907
3.42958333333;1.69510319048
3.47833333333;1.70866338275
3.51458333333;1.69330662504
3.49541666667;1.73204474338
3.575;1.72367098562
3.50291666667;1.72288270825
3.50333333333;1.74140428646
3.52083333333;1.72009669463
3.56333333333;1.70567353917
3.49083333333;1.73298854744
3.45375;1.72757853777
3.43333333333;1.71431878275
3.4925;1.69187580809
3.47458333333;1.70079020646
3.48416666667;1.69796426314
3.47416666667;1.67287157473
3.48958333333;1.70925661026
3.48875;1.69579089832
3.5525;1.69353980861
3.5075;1.69359885549
3.45958333333;1.70563765976
3.51416666667;1.69183311989
3.54583333333;1.69594594221
3.4375;1.69196938999
3.55083333333;1.70291396501
3.5325;1.74325665064
3.48583333333;1.71943769071
3.48666666667;1.69651276316
3.515;1.7324669309
3.47958333333;1.70452823182
3.55625;1.70494455555
3.53833333333;1.69367368627
3.51416666667;1.6994506874
3.48208333333;1.69892485405
3.48583333333;1.69183311989
3.50375;1.70097597597
3.49416666667;1.69949972214
3.46208333333;1.71689516076
3.56791666667;1.70329699692
3.49;1.72237239489
3.45708333333;1.70484353917
3.59;1.70862517832
3.46;1.70197923998
3.46;1.69068033643
3.48166666667;1.69154679378
3.51833333333;1.73171318513
3.45875;1.71948590306
3.50208333333;1.70171354612
3.53208333333;1.71191043177
3.50416666667;1.71609517186
3.44;1.72522462306
3.52083333333;1.69053225511
3.51583333333;1.72474615685
3.48916666667;1.71314991723
3.49916666667;1.72312680097
3.50458333333;1.70562178097
3.555;1.70009068386
3.49791666667;1.70391578227
3.50375;1.74188191453
3.55666666667;1.71419239164
3.52541666667;1.71494042454
3.52458333333;1.70984277827
3.51916666667;1.7210847274
3.41583333333;1.7184050664
3.48166666667;1.708458532
3.4875;1.69356933231
3.45666666667;1.71020141764
3.49958333333;1.70513923959
3.51208333333;1.70851416726
3.47375;1.72147541492
3.45166666667;1.66563217895
3.50416666667;1.7394872728
3.51791666667;1.71382000019
3.45833333333;1.70902425053
3.4875;1.7516212728
3.49333333333;1.71778604281
3.45875;1.72432550219
3.5125;1.70899885411
3.53041666667;1.69555541334
3.45833333333;1.69728132285
3.5075;1.69973833771
3.49166666667;1.70071471904
3.4575;1.70900373025
3.56333333333;1.71176971452
3.54125;1.70952189344
3.49041666667;1.71752966779
3.48166666667;1.71259955104
3.55125;1.72984780761
3.45291666667;1.68506671274
3.50666666667;1.67305774623
3.41583333333;1.71403499737
3.48958333333;1.71849493057
3.49333333333;1.70072206887
3.49166666667;1.70585185627
3.48708333333;1.69011828769
3.47625;1.70252829761
3.46166666667;1.70861461099
3.48916666667;1.69481050235
3.48;1.71986433574
3.52083333333;1.69299516801
3.49;1.67453476126
3.50583333333;1.71754649783
3.5325;1.67325344265
3.47291666667;1.70076448293
3.54125;1.70732688849
3.51;1.71047751617
3.41708333333;1.70458934245
3.47541666667;1.69023538589
3.49083333333;1.71194313736
3.51458333333;1.70458812026
3.53208333333;1.71166702167
3.52458333333;1.69442094132
3.5175;1.70529384076
3.52416666667;1.69516448727
3.475;1.70079638209
3.47916666667;1.69668283391
3.5125;1.68493632422
3.44541666667;1.71182767621
3.55458333333;1.69150445651
3.55625;1.71371991221
3.50625;1.73972055347
3.55083333333;1.74018657205
3.49708333333;1.70269144584
3.50916666667;1.70560330643
3.58458333333;1.67417014061
3.48541666667;1.65321524906
3.53541666667;1.71670585514
3.44583333333;1.73288756287
3.54291666667;1.6856724157
3.48666666667;1.69872174165
3.48416666667;1.73534318572
3.525;1.71979892235
3.53458333333;1.71356470349
3.49083333333;1.69211385715
3.51;1.68272596303
3.52916666667;1.69557737626
3.52583333333;1.69735067254
3.48291666667;1.67447747862
3.4775;1.72467207028
3.5325;1.72136876255
3.51208333333;1.68864462209
3.50416666667;1.71098878982
3.47333333333;1.72001614979
3.44416666667;1.71858933593
3.50125;1.70733665031
3.44291666667;1.6951130227
3.54;1.70857640547
3.54958333333;1.7192657812
3.53125;1.72622616445
3.47291666667;1.75074264996
3.52625;1.71784097173
3.4875;1.68369942389
3.50166666667;1.70146913643
3.46958333333;1.70486797917
3.47916666667;1.70672180087
3.5;1.74523159877
3.50208333333;1.71439853196
3.56833333333;1.71813771922
3.55458333333;1.71547485935
3.50833333333;1.70634030083
3.5375;1.71471875731
3.54583333333;1.69225667051
3.57625;1.70172048356
3.49;1.71193847241
3.48875;1.71751955957
3.46583333333;1.71308667972
3.48625;1.71312899033
3.46708333333;1.69796441651
3.50458333333;1.7223953262
3.49916666667;1.70684874517
3.5225;1.70254527595
3.4925;1.71414033362
3.48875;1.68445048532
3.47666666667;1.70839755977
3.47875;1.72081814965
3.57208333333;1.70605900437
3.48041666667;1.70209179924
3.48291666667;1.70578666888
3.49083333333;1.68964965961
3.48541666667;1.73439345586
3.52708333333;1.71418585915
3.50791666667;1.73179213333
3.53791666667;1.70642774817
3.46333333333;1.71011370642
3.60208333333;1.70305969549
3.49708333333;1.69312083435
3.46458333333;1.71233144953
3.47375;1.6916887827
3.5625;1.70692523269
3.43041666667;1.71978433524
3.48708333333;1.7080202457
3.50458333333;1.70806293592
3.4625;1.69320024904
3.48916666667;1.71047244123
3.51041666667;1.71485417059
3.48125;1.7050361983
3.48791666667;1.715086196
3.5175;1.70309338656
3.52375;1.70741596304
3.49791666667;1.70220317816
3.51791666667;1.71211730314
3.55041666667;1.7221473494
3.53041666667;1.71655900755
3.45958333333;1.71295061995
3.55083333333;1.68915638872
3.53625;1.72008311936
3.455;1.70332273317
3.50166666667;1.72264251144
3.48583333333;1.70532478985
3.47958333333;1.71281926262
3.53666666667;1.71303499348
3.44708333333;1.68217116441
3.4275;1.71310938063
3.50125;1.69730131999
3.5225;1.71230655842
3.49083333333;1.70926377101
3.56916666667;1.71203075485
3.5125;1.72622239297
3.45916666667;1.69139960946
3.43208333333;1.70451967615
3.4575;1.68938659973
3.485;1.69797182937
3.47875;1.69446602331
3.48083333333;1.72205283665
3.48083333333;1.69326094826
3.45125;1.70664098085
3.49791666667;1.70806781473
3.51958333333;1.71404487292
3.48458333333;1.7011551937
3.51916666667;1.69178386294
3.49833333333;1.70440524002
3.465;1.70061998499
3.53375;1.70700349663
3.53333333333;1.68934569846
3.50416666667;1.69606877972
3.50958333333;1.68717954776
3.52541666667;1.70299363663
3.52791666667;1.71198344805
3.4625;1.70203615806
3.56333333333;1.69390738301
3.51208333333;1.68913804243
3.51083333333;1.71314991723
3.52041666667;1.69717898085
3.54791666667;1.70837271296
3.47791666667;1.68557972017
3.53625;1.71498861148
3.52666666667;1.71783455419
3.45875;1.71098366566
3.49208333333;1.70071670962
3.51416666667;1.67972199254
3.50166666667;1.71828321944
3.56833333333;1.70425855498
3.57166666667;1.70289867253
3.53708333333;1.69296332695
3.54083333333;1.72361035008
3.48625;1.7170160951
3.49875;1.71585695912
3.46458333333;1.71208809929
3.49;1.68396357839
3.48708333333;1.70850807033
3.49166666667;1.73058676626
3.49666666667;1.68596823484
3.50625;1.71536029379
3.41208333333;1.71141383844
3.48333333333;1.6986923075
3.50625;1.70292716741
3.45541666667;1.70773114386
3.50666666667;1.71535872504
3.435;1.68100416418
3.54875;1.69414386564
3.53;1.67628557631
3.52291666667;1.72297460604
3.53875;1.67983087566
3.51458333333;1.69625685743
3.51625;1.69255308262
3.43583333333;1.68475002267
3.5225;1.71157639327
3.49208333333;1.72938447423
3.47916666667;1.69643723891
3.47041666667;1.6943410203
3.53125;1.68543469294
3.52416666667;1.71350011348
3.45583333333;1.71965577143
3.52583333333;1.70958064221
3.39583333333;1.72384723962
3.51708333333;1.73916881289
3.49166666667;1.74783596357
3.45458333333;1.70795315892
3.54458333333;1.6991700895
3.49833333333;1.71342655388
3.48666666667;1.7423132771
3.45166666667;1.72920903563
3.57125;1.719473787
3.49416666667;1.70341792843
3.47875;1.69175897737
3.53;1.70463094735
3.57125;1.70731468614
3.50833333333;1.6985083325
3.51375;1.71361536062
3.48791666667;1.68815105753
3.52416666667;1.69688419529
3.48083333333;1.69424495638
3.485;1.68466861232
3.475;1.71421750856
3.4225;1.73272244844
3.49791666667;1.71828276477
3.51416666667;1.69650600909
3.51125;1.7324953403
3.5325;1.72112669009
3.50166666667;1.71196686754
3.45541666667;1.72738115647
3.4375;1.6986054329
3.57791666667;1.70702343073
3.475;1.69687212247
3.53166666667;1.70264418544
3.54833333333;1.70469857225
3.5225;1.70230052674
3.5175;1.68835040301
3.53625;1.6900254251
3.47166666667;1.69264011401
3.58833333333;1.70822438677
3.52833333333;1.7000089869
3.52041666667;1.71354889816
3.51458333333;1.71020096082
3.48166666667;1.70308461981
3.55875;1.7107157676
3.55041666667;1.71633082273
3.47291666667;1.68773017977
3.45041666667;1.68721906098
3.50458333333;1.68423444322
3.49166666667;1.69384096722
3.49666666667;1.70097684353
3.50541666667;1.7219090161
3.5075;1.69630296527
3.5325;1.71700623664
3.45125;1.72654474915
3.44916666667;1.70364784278
3.57625;1.70758677793
3.51083333333;1.7160660357
3.54333333333;1.7271717408
3.47333333333;1.73112359145
3.48708333333;1.70631176119
3.53083333333;1.71217677404
3.46583333333;1.68834217668
3.52791666667;1.70832881097
3.54458333333;1.72351742851
3.46583333333;1.69572972656
3.45291666667;1.71521130663
3.52125;1.7006023749
3.51041666667;1.69898739246
3.51125;1.72163878446
3.4825;1.69622927401
3.48916666667;1.70290417784
3.51083333333;1.71655157381
3.53125;1.7305654483
3.47958333333;1.68461167426
3.53041666667;1.73802804726
3.45666666667;1.7432600367
3.50708333333;1.69483032378
3.49541666667;1.7185203887
3.47875;1.6848486888
3.51458333333;1.70287619233
3.52125;1.73840399145
3.54791666667;1.69785275953
3.47;1.71729438362
3.51625;1.72860327167
3.54125;1.70341767363
3.53333333333;1.71480481559
3.4075;1.69625383812
3.53791666667;1.72609259883
3.49708333333;1.71925124004
3.49833333333;1.71852569243
3.50625;1.70805765052
3.51375;1.68591545977
3.50833333333;1.70095969643
3.5375;1.70423797732
3.455;1.69989460458
3.49416666667;1.72335892147
3.45041666667;1.68474770408
3.48333333333;1.7055465074
3.47375;1.7200225592
3.52791666667;1.718299739
3.46333333333;1.71740760709
3.55583333333;1.70226789085
3.50625;1.70634920347
3.515;1.69993382224
3.53625;1.70890391894
3.47625;1.70570687326
3.45583333333;1.70285524112
3.49958333333;1.67232368071
3.545;1.7276115497
3.46458333333;1.71330450486
3.52416666667;1.70325648065
3.52166666667;1.70915102382
3.45375;1.71304629364
3.54333333333;1.69944762268
3.46833333333;1.72404482411
3.50375;1.69188827571
3.52708333333;1.70736634217
3.52291666667;1.68655709254
3.47625;1.7181198845
3.48541666667;1.70214198185
3.495;1.70928103794
3.46166666667;1.72439280779
3.53666666667;1.73814716165
3.47625;1.7207854614
3.48;1.68955615473
3.55;1.71415674118
3.54333333333;1.70776331954
3.51;1.73009633643
3.48708333333;1.70948330197
3.53583333333;1.69397441113
3.515;1.72668516721
3.52083333333;1.70916138468
3.44875;1.72623099193
3.50625;1.73083629233
3.495;1.71001218319
3.48875;1.72018606673
3.55875;1.70314858546
3.4925;1.72769897552
3.52541666667;1.7323454216
3.43458333333;1.68742031705
3.50416666667;1.70048502068
3.49666666667;1.73204760006
3.4375;1.71398961977
3.5625;1.70007659141
3.51541666667;1.71238498194
3.52541666667;1.69046955796
3.50166666667;1.72191672918
3.51458333333;1.70678664739
3.45666666667;1.70922659573
3.42791666667;1.7194390538
3.51333333333;1.68567164326
3.51666666667;1.69181033873
3.50666666667;1.70951910067
3.48458333333;1.6942832289
3.51125;1.70559083727
3.48083333333;1.73098217944
3.53666666667;1.70523377348
3.50916666667;1.68915638872
3.53791666667;1.70716011543
3.45166666667;1.71469061025
3.49416666667;1.68892450163
3.49458333333;1.68744500939
3.50125;1.71172382045
3.52791666667;1.72120713253
3.53833333333;1.72197480302
3.47333333333;1.69954569093
3.47375;1.71614226416
3.55791666667;1.69483892835
3.49916666667;1.72843840086
3.54625;1.73191443327
3.50458333333;1.71415061368
3.52;1.71646924431
3.52291666667;1.70229496848
3.50291666667;1.704159077
3.52125;1.71086189901
3.48333333333;1.691317698
3.52416666667;1.72778740172
3.4675;1.7121459488
3.44833333333;1.7509037349
3.55875;1.73658144185
3.51166666667;1.70191966777
3.51333333333;1.71191575598
3.41708333333;1.70922735753
3.50833333333;1.6926105741
3.53041666667;1.71388685733
3.5525;1.69157039956
3.49333333333;1.68496950187
3.54875;1.70981191095
3.5675;1.71768557949
3.51958333333;1.72132211581
3.52791666667;1.7238679357
3.44916666667;1.70071043162
3.52125;1.7210602655
3.46958333333;1.68890738637
3.53125;1.68889217265
3.55333333333;1.71672815424
3.52875;1.69484712315
3.52958333333;1.70830076188
3.50208333333;1.72167427999
3.47416666667;1.72317516199
3.54708333333;1.72127370273
3.50416666667;1.73156460238
3.46458333333;1.69963103635
3.50833333333;1.72552327007
3.46666666667;1.6903319858
3.4875;1.70802334586
3.4575;1.69578705916
3.49208333333;1.74759949447
3.52666666667;1.71565018449
3.53333333333;1.72304639778
3.50041666667;1.73084752642
3.55416666667;1.70720999652
3.45875;1.69581792581
3.44875;1.70339076673
3.51416666667;1.71215243837
3.50083333333;1.69164593583
3.48083333333;1.6843790069
3.54083333333;1.7012248447
3.56125;1.6870828188
3.5;1.70073513517
3.53208333333;1.68368761742
3.51333333333;1.7167766955
3.52375;1.70056929806
3.45333333333;1.70303324167
3.48208333333;1.71357686134
3.47;1.72697230242
3.48833333333;1.66178535183
3.51333333333;1.71337548586
3.52208333333;1.72877962536
3.48791666667;1.69578516516
3.54333333333;1.68862534493
3.46083333333;1.69684981821
3.50791666667;1.70316489505
3.49791666667;1.68917997651
3.4775;1.70009619826
3.4925;1.71146440707
3.4675;1.68714070249
3.50083333333;1.72506018414
3.54541666667;1.70746517575
3.52375;1.7081479066
3.49375;1.71292953859
3.48833333333;1.70289867253
3.53125;1.7264675219
3.49875;1.70880029187
3.50666666667;1.69777959569
3.48958333333;1.69898739246
3.51708333333;1.71115209524
3.50416666667;1.7240889301
3.47541666667;1.72222598006
3.54;1.70589175116
3.47916666667;1.69570024048
3.50208333333;1.71779771599
3.48666666667;1.71556275186
3.46458333333;1.69865014832
3.44708333333;1.73700887343
3.48958333333;1.69947780991
3.435;1.70780804932
3.53;1.68669301692
3.54416666667;1.72497805944
3.52583333333;1.72220768363
3.44375;1.73041496107
3.48;1.69742942907
3.44458333333;1.71033982775
3.49333333333;1.72504750337
3.51583333333;1.6994359767
3.54583333333;1.71086702354
3.51416666667;1.69134048579
3.44625;1.7040474184
3.50291666667;1.72384980776
3.44583333333;1.70403422468
3.53958333333;1.71418585915
3.50708333333;1.70439133605
3.48958333333;1.70510747258
3.53541666667;1.71816151542
3.55458333333;1.70622018696
3.4675;1.7177340937
3.54416666667;1.7045671901
3.44125;1.695056077
3.475;1.69687212247
3.49125;1.6775249936
3.46541666667;1.71526596375
3.54625;1.69298383655
3.5;1.68942791106
3.48416666667;1.67299610646
3.50958333333;1.6814898631
3.53;1.69580855838
3.53125;1.72235984553
3.52166666667;1.6976544276
3.51041666667;1.72261182309
3.51458333333;1.71579544033
3.51958333333;1.71720213129
3.4925;1.70022853856
3.47958333333;1.70648268662
3.51541666667;1.67871845755
3.47166666667;1.70856583784
3.53583333333;1.69052732569
3.5275;1.67980467615
3.51875;1.7021011831
3.49958333333;1.69558244459
3.56666666667;1.70847560383
3.53791666667;1.71154773808
3.50875;1.70242672995
3.52833333333;1.68672183704
3.50916666667;1.70046541832
3.49791666667;1.70684767717
3.47333333333;1.71516439121
3.50625;1.71025171758
3.53583333333;1.70060263012
3.48;1.68164601903
3.51916666667;1.71356333573
3.46166666667;1.7027518577
3.53041666667;1.71461603857
3.48;1.73578032404
3.5075;1.70096357496
3.45708333333;1.73560503179
3.47083333333;1.71949100188
3.53541666667;1.6878227572
3.52833333333;1.70221342832
3.45875;1.69876379685
3.44625;1.72301410446
3.46166666667;1.71202527889
3.52958333333;1.7134151549
3.48416666667;1.70677550922
3.5025;1.68473353482
3.50833333333;1.71194739665
3.47041666667;1.70708079082
3.50125;1.6872063016
3.48708333333;1.71872040379
3.50708333333;1.73516084549
3.45125;1.68526657758
3.47;1.70242963633
3.51291666667;1.70533471584
3.55541666667;1.68703753951
3.51;1.70510996713
3.51125;1.6851924037
3.53333333333;1.70969457961
3.50416666667;1.74140249193
3.57583333333;1.68475991531
3.5025;1.69459742023
3.54416666667;1.71310127319
3.52;1.71063341095
3.52375;1.71496431571
3.48041666667;1.7150169561
3.5825;1.725502946
3.52;1.72591038779
3.41833333333;1.72867884685
3.51458333333;1.74206409939
3.515;1.68936131916
3.48375;1.7271564118
3.53875;1.71225925923
3.56;1.70799102261
3.54083333333;1.72675011864
3.52;1.69521876661
3.47125;1.69410943296
3.49333333333;1.72142060197
3.51875;1.7108911238
3.5675;1.71136702181
3.50791666667;1.72068900726
3.51875;1.72254127309
3.46541666667;1.73314857789
3.475;1.69687212247
3.525;1.72632799124
3.47583333333;1.7149584948
3.57625;1.70685459374
3.58708333333;1.71559022683
3.52125;1.72686086223
3.4925;1.66706641039
3.40666666667;1.71696113979
3.455;1.71793723207
3.58875;1.72446806412
3.51541666667;1.736786974
3.51666666667;1.70993827049
3.46833333333;1.70996994775
3.485;1.694286969
3.48041666667;1.72083792372
3.5325;1.6881282781
3.52625;1.73353519458
3.505;1.69188504338
3.5525;1.69698077479
3.46583333333;1.72930601848
3.54;1.70638018429
3.50875;1.70218196369
3.5325;1.70017952483
3.4775;1.69739813145
3.43583333333;1.71368491043
3.54458333333;1.7084629524
3.53083333333;1.74017699451
3.46166666667;1.68973288487
3.49125;1.72262109516
3.53333333333;1.70774380072
3.51625;1.72087262869
3.525;1.72898091372
3.47458333333;1.72076165105
3.47083333333;1.70146485091
3.44208333333;1.73084150817
3.45791666667;1.71023263322
3.48041666667;1.70429354662
3.55875;1.70045536181
3.49125;1.70169232555
3.52666666667;1.70028102252
3.48625;1.69232904725
3.43041666667;1.68478232809
3.46208333333;1.71349418627
3.48791666667;1.71216840869
3.51375;1.70630524941
3.48166666667;1.69744824827
3.51958333333;1.71063823169
3.50541666667;1.69532808813
3.43791666667;1.72152422571
3.4925;1.67703421253
3.51791666667;1.70870681893
3.48166666667;1.72689429002
3.49166666667;1.70340753263
3.48833333333;1.67278128344
3.55208333333;1.71117522765
3.54916666667;1.7226673036
3.48208333333;1.71016928784
3.48666666667;1.72138187383
3.46291666667;1.69787852718
3.50041666667;1.73325315319
3.53916666667;1.72364902814
3.47375;1.7007775489
3.535;1.70502443775
3.55875;1.71241985822
3.46375;1.70719631877
3.51083333333;1.73993753879
3.52041666667;1.71622157458
3.54541666667;1.6754414323
3.49041666667;1.70486797917
3.57875;1.69202987685
3.45541666667;1.7091944476
3.4875;1.6992185704
3.47291666667;1.70345721785
3.48541666667;1.71506676052
3.49833333333;1.70977500144
3.50375;1.72795233465
3.44833333333;1.72670125448
3.48458333333;1.68515943649
3.56208333333;1.71327532125
3.45125;1.70786126608
3.50041666667;1.73781466975
3.555;1.68631007429
3.52208333333;1.72056550579
3.51666666667;1.72546290085
3.56791666667;1.70451967615
3.45708333333;1.69823187258
3.46541666667;1.71502302989
3.51125;1.71168730716
3.545;1.70796418776
3.49291666667;1.72432107211
3.49125;1.70071262637
3.52541666667;1.69956484422
3.48583333333;1.68714728824
3.49166666667;1.68817373382
3.46083333333;1.70542252015
3.45;1.6968107339
3.48583333333;1.69404820048
3.48291666667;1.70383141568
3.5225;1.69813439299
3.45083333333;1.71004365604
3.45583333333;1.70993644294
3.47291666667;1.69413689718
3.52208333333;1.7096331945
3.45375;1.72468188492
3.50833333333;1.69679027055
3.57541666667;1.70567063831
3.50875;1.71072794569
3.5275;1.71685092053
3.46916666667;1.7070586708
3.56083333333;1.72277856157
3.51916666667;1.71841961471
3.50458333333;1.70611029139
3.56541666667;1.7048618692
3.53875;1.69218747114
3.53333333333;1.70871946856
3.44166666667;1.68743312625
3.53416666667;1.71478841422
3.48625;1.72766053885
3.46916666667;1.67701599244
3.49875;1.75166542777
3.53333333333;1.68019509449
3.50916666667;1.71340284392
3.51583333333;1.7104334652
3.44583333333;1.7047676202
3.5175;1.71431047849
3.56708333333;1.72061030637
3.45458333333;1.68980393134
3.55791666667;1.70757498412
3.50416666667;1.68571922501
3.54416666667;1.70187621139
3.49875;1.71123691254
3.46625;1.69745719755
3.55958333333;1.71846341045
3.47958333333;1.71816272795
3.4575;1.68419924098
3.50416666667;1.70537854221
3.51125;1.70436892647
3.55375;1.7343426048
3.53625;1.71717382274
3.485;1.69698998229
3.49375;1.71219963911
3.485;1.68045876673
3.54166666667;1.70242882051
3.50916666667;1.7104821851
